 0 17 5 12 0 11 0 6 17 18 6 18 2 15 6 9 18 12 2 4
 16 0 12 17 16 15 14 12 17 19 16 15 8 17 8 9 8 14 7 5
 5 12 0 3 3 0 9 13 0 2 9 13 2 7 1 7 19 0 2 19
 11 17 3 0 6 1 10 19 6 15 4 0 19 19 4 1 9 9 3 6
 0 16 2 6 0 0 11 9 18 0 17 9 9 16 14 12 10 14 9 1
 11 15 0 1 0 0 14 7 19 2 15 11 14 14 4 14 7 14 6 17
 0 14 8 9 11 14 0 19 9 11 17 0 14 6 16 14 3 8 2 15
 5 12 14 19 10 8 19 0 0 2 4 19 6 6 8 15 6 18 15 4
 16 17 0 6 18 19 10 0 0 3 10 8 12 4 7 5 0 19 4 7
 18 19 3 15 0 2 12 1 3 0 7 12 10 7 7 15 14 12 15 17
 7 16 10 4 17 15 17 5 10 8 0 13 8 1 12 8 2 5 15 10
 18 15 12 0 10 12 0 18 8 12 13 0 18 8 1 8 5 4 18 1
 2 8 2 19 10 13 13 7 11 10 8 18 0 1 15 8 10 5 9 7
 15 17 7 18 16 13 7 7 4 8 1 8 2 0 13 16 1 1 9 4
 7 8 2 5 13 5 16 8 6 8 11 2 15 13 0 1 13 1 13 11
 9 9 6 2 11 13 13 15 5 15 8 8 8 16 1 0 4 6 5 2
 17 8 18 8 9 6 3 6 0 13 3 6 9 1 13 3 0 6 3 4
 11 13 0 8 13 13 8 17 19 11 4 4 4 2 0 6 6 0 8 15
 2 7 3 3 9 6 1 15 4 15 14 17 9 9 13 4 2 7 0 13
 4 4 18 5 1 17 14 4 5 17 9 1 5 4 11 1 4 14 13 0